<TICKER>,<PER>,<DATE>,<TIME>,<OPEN>,<HIGH>,<LOW>,<CLOSE>,<VOL>,<OPENINT>
MNTN-WS.US,D,20220118,000000,0.45,0.47,0.45,0.45,13800,0
MNTN-WS.US,D,20220119,000000,0.45,0.45,0.4401,0.4401,16121,0
MNTN-WS.US,D,20220120,000000,0.44,0.44,0.439899,0.439899,854,0
MNTN-WS.US,D,20220121,000000,0.3901,0.3901,0.2866,0.2866,43146,0
MNTN-WS.US,D,20220124,000000,0.3,0.35,0.3,0.35,48833,0
MNTN-WS.US,D,20220125,000000,0.308,0.31,0.26,0.26,199596,0
MNTN-WS.US,D,20220126,000000,0.2782,0.2782,0.26,0.26,91262,0
MNTN-WS.US,D,20220127,000000,0.25,0.311,0.25,0.311,51200,0
MNTN-WS.US,D,20220128,000000,0.2739,0.2739,0.2739,0.2739,252,0
MNTN-WS.US,D,20220201,000000,0.37,0.37,0.31,0.3398,11557,0
MNTN-WS.US,D,20220202,000000,0.3599,0.418,0.3599,0.36,100100,0
MNTN-WS.US,D,20220203,000000,0.3384,0.3384,0.3384,0.3384,502,0
MNTN-WS.US,D,20220204,000000,0.36,0.36,0.34,0.34,200700,0
MNTN-WS.US,D,20220207,000000,0.32,0.34,0.32,0.34,128800,0
MNTN-WS.US,D,20220208,000000,0.34,0.34,0.34,0.34,18774,0
MNTN-WS.US,D,20220209,000000,0.3201,0.3201,0.32,0.32,3800,0
MNTN-WS.US,D,20220210,000000,0.34,0.34,0.34,0.34,54000,0
MNTN-WS.US,D,20220211,000000,0.34,0.34,0.3399,0.3399,32201,0
MNTN-WS.US,D,20220216,000000,0.2701,0.2701,0.2701,0.2701,500,0
MNTN-WS.US,D,20220217,000000,0.2701,0.2701,0.27,0.27,800,0
MNTN-WS.US,D,20220218,000000,0.2377,0.25,0.2377,0.25,2800,0
MNTN-WS.US,D,20220303,000000,0.22,0.22,0.22,0.22,133,0
MNTN-WS.US,D,20220309,000000,0.22,0.22,0.22,0.22,5982,0
MNTN-WS.US,D,20220323,000000,0.24,0.24,0.24,0.24,300,0
MNTN-WS.US,D,20220324,000000,0.24,0.24,0.22,0.22,20100,0
MNTN-WS.US,D,20220331,000000,0.2,0.2,0.2,0.2,300,0
MNTN-WS.US,D,20220401,000000,0.2,0.2,0.188,0.1999,7448,0
MNTN-WS.US,D,20220413,000000,0.2,0.2,0.2,0.2,5155,0
MNTN-WS.US,D,20220418,000000,0.2,0.2,0.2,0.2,94178,0
MNTN-WS.US,D,20220419,000000,0.181,0.181,0.181,0.181,2000,0
MNTN-WS.US,D,20220422,000000,0.19,0.19,0.19,0.19,4488,0
MNTN-WS.US,D,20220425,000000,0.2,0.2,0.2,0.2,10000,0
MNTN-WS.US,D,20220427,000000,0.25,0.2875,0.2299,0.2299,13900,0
MNTN-WS.US,D,20220428,000000,0.3099,0.3099,0.3099,0.3099,800,0
MNTN-WS.US,D,20220502,000000,0.285,0.285,0.27,0.27,700,0
MNTN-WS.US,D,20220506,000000,0.23,0.23,0.225,0.23,5060,0
MNTN-WS.US,D,20220518,000000,0.2024,0.21435,0.2024,0.21435,2800,0
MNTN-WS.US,D,20220519,000000,0.18,0.18,0.17,0.1772,22698,0
MNTN-WS.US,D,20220520,000000,0.0623,0.1091,0.0623,0.1,4206,0
MNTN-WS.US,D,20220523,000000,0.1642,0.1642,0.1465,0.1547,1100,0
MNTN-WS.US,D,20220524,000000,0.0147,0.115,0.0146,0.1,3302,0
MNTN-WS.US,D,20220526,000000,0.125,0.1349,0.125,0.1349,6000,0
MNTN-WS.US,D,20220527,000000,0.04,0.1277,0.04,0.1277,4107,0
MNTN-WS.US,D,20220531,000000,0.1201,0.1331,0.12,0.13,26400,0
MNTN-WS.US,D,20220603,000000,0.13,0.13,0.13,0.13,50000,0
MNTN-WS.US,D,20220606,000000,0.13,0.1582,0.13,0.1561,4965,0
MNTN-WS.US,D,20220614,000000,0.13,0.13,0.13,0.13,500,0
MNTN-WS.US,D,20220623,000000,0.13,0.13,0.1,0.1,1535,0
MNTN-WS.US,D,20220624,000000,0.1095,0.1095,0.1095,0.1095,500,0
MNTN-WS.US,D,20220627,000000,0.1199,0.1199,0.1,0.1,12400,0
MNTN-WS.US,D,20220628,000000,0.1095,0.1095,0.09,0.1,12955,0
MNTN-WS.US,D,20220629,000000,0.1095,0.1199,0.1,0.1,700,0
MNTN-WS.US,D,20220630,000000,0.1095,0.1199,0.1,0.1,51800,0
MNTN-WS.US,D,20220701,000000,0.1,0.1,0.1,0.1,100,0
MNTN-WS.US,D,20220705,000000,0.1095,0.13,0.1,0.1,700,0
MNTN-WS.US,D,20220706,000000,0.1095,0.1199,0.1,0.1,700,0
MNTN-WS.US,D,20220707,000000,0.1095,0.1199,0.1,0.1,700,0
MNTN-WS.US,D,20220708,000000,0.1095,0.13,0.1,0.1,900,0
MNTN-WS.US,D,20220711,000000,0.1095,0.1199,0.1,0.1,700,0
MNTN-WS.US,D,20220712,000000,0.1095,0.1199,0.1,0.1,700,0
MNTN-WS.US,D,20220713,000000,0.1199,0.1199,0.07,0.07,5330,0
MNTN-WS.US,D,20220714,000000,0.0766,0.0838,0.07,0.07,600,0
MNTN-WS.US,D,20220715,000000,0.0766,0.0917,0.07,0.07,1200,0
MNTN-WS.US,D,20220718,000000,0.0766,0.0838,0.07,0.07,86160,0
MNTN-WS.US,D,20220721,000000,0.08,0.0801,0.08,0.08,800,0
MNTN-WS.US,D,20220725,000000,0.08,0.0801,0.08,0.08,2501,0
MNTN-WS.US,D,20220801,000000,0.1,0.1,0.1,0.1,1100,0
MNTN-WS.US,D,20220804,000000,0.1,0.1,0.1,0.1,3000,0
MNTN-WS.US,D,20220809,000000,0.07,0.0814,0.02,0.04,12694,0
MNTN-WS.US,D,20220812,000000,0.0732,0.0884,0.0732,0.0801,1300,0
MNTN-WS.US,D,20220824,000000,0.09,0.09,0.09,0.09,100,0
MNTN-WS.US,D,20220829,000000,0.0837,0.0837,0.0837,0.0837,100,0
MNTN-WS.US,D,20220830,000000,0.08,0.08,0.08,0.08,500,0
MNTN-WS.US,D,20220831,000000,0.0801,0.0801,0.08,0.08,800,0
MNTN-WS.US,D,20220902,000000,0.08,0.08,0.08,0.08,600,0
MNTN-WS.US,D,20220907,000000,0.08,0.08,0.07,0.07,1300,0
MNTN-WS.US,D,20220909,000000,0.07,0.07,0.07,0.07,1100,0
MNTN-WS.US,D,20220913,000000,0.07,0.07,0.07,0.07,20881,0
MNTN-WS.US,D,20220915,000000,0.07,0.0701,0.07,0.07,935,0
MNTN-WS.US,D,20220916,000000,0.07,0.07,0.07,0.07,500,0
MNTN-WS.US,D,20220923,000000,0.0701,0.0701,0.07,0.07,7265,0
MNTN-WS.US,D,20220926,000000,0.0701,0.0701,0.07,0.07,700,0
MNTN-WS.US,D,20220927,000000,0.0701,0.0701,0.04,0.0401,1500,0
MNTN-WS.US,D,20220930,000000,0.06,0.07,0.06,0.06,10437,0
MNTN-WS.US,D,20221003,000000,0.066,0.0701,0.057,0.057,55087,0
MNTN-WS.US,D,20221004,000000,0.0626,0.07,0.0626,0.0631,600,0
MNTN-WS.US,D,20221005,000000,0.0693,0.0693,0.0693,0.0693,500,0
MNTN-WS.US,D,20221006,000000,0.07,0.07,0.07,0.07,500,0
MNTN-WS.US,D,20221007,000000,0.07,0.07,0.07,0.07,500,0
MNTN-WS.US,D,20221010,000000,0.06,0.07,0.0506,0.0506,1090,0
MNTN-WS.US,D,20221011,000000,0.0556,0.0556,0.0556,0.0556,500,0
MNTN-WS.US,D,20221012,000000,0.0611,0.07,0.0611,0.0658,900,0
MNTN-WS.US,D,20221013,000000,0.07,0.07,0.07,0.07,500,0
MNTN-WS.US,D,20221014,000000,0.07,0.07,0.07,0.07,500,0
MNTN-WS.US,D,20221017,000000,0.07,0.07,0.07,0.07,500,0
MNTN-WS.US,D,20221018,000000,0.07,0.07,0.0675,0.0675,600,0
MNTN-WS.US,D,20221019,000000,0.07,0.07,0.07,0.07,500,0
MNTN-WS.US,D,20221020,000000,0.0769,0.0769,0.07,0.07,1500,0
MNTN-WS.US,D,20221021,000000,0.07,0.07,0.07,0.07,500,0
MNTN-WS.US,D,20221024,000000,0.07,0.07,0.07,0.07,500,0
MNTN-WS.US,D,20221025,000000,0.07,0.07,0.07,0.07,500,0
MNTN-WS.US,D,20221026,000000,0.04,0.07,0.0323,0.0323,1100,0
MNTN-WS.US,D,20221027,000000,0.04,0.04,0.04,0.04,1100,0
MNTN-WS.US,D,20221028,000000,0.03,0.03,0.03,0.03,500,0
MNTN-WS.US,D,20221031,000000,0.0329,0.0478,0.0268,0.0268,1300,0
MNTN-WS.US,D,20221102,000000,0.03,0.03,0.0284,0.0284,801,0
MNTN-WS.US,D,20221103,000000,0.025,0.025,0.025,0.025,594,0
MNTN-WS.US,D,20221104,000000,0.03,0.03,0.03,0.03,600,0
MNTN-WS.US,D,20221107,000000,0.03,0.03,0.03,0.03,12874,0
MNTN-WS.US,D,20221110,000000,0.0329,0.04,0.0329,0.04,1400,0
MNTN-WS.US,D,20221111,000000,0.0251,0.0251,0.0251,0.0251,4037,0
MNTN-WS.US,D,20221114,000000,0.0251,0.0251,0.0251,0.0251,1250,0
MNTN-WS.US,D,20221115,000000,0.025,0.025,0.025,0.025,500,0
MNTN-WS.US,D,20221116,000000,0.025,0.025,0.025,0.025,500,0
MNTN-WS.US,D,20221118,000000,0.025,0.025,0.01,0.01,22500,0
MNTN-WS.US,D,20221121,000000,0.0109,0.0109,0.0103,0.0103,900,0
MNTN-WS.US,D,20221122,000000,0.0123,0.0135,0.0112,0.0112,1000,0
MNTN-WS.US,D,20221123,000000,0.013,0.018301,0.013,0.018301,3500,0
MNTN-WS.US,D,20221125,000000,0.0201,0.022,0.0195,0.0195,900,0
MNTN-WS.US,D,20221128,000000,0.0214,0.0235,0.0209,0.0209,800,0
MNTN-WS.US,D,20221130,000000,0.016,0.02,0.016,0.02,18200,0
MNTN-WS.US,D,20221206,000000,0.02,0.02,0.02,0.02,4831,0
MNTN-WS.US,D,20221212,000000,0.015,0.015,0.0137,0.0137,1300,0
MNTN-WS.US,D,20221213,000000,0.02,0.02,0.02,0.02,5000,0
MNTN-WS.US,D,20221214,000000,0.0151,0.0151,0.0151,0.0151,10001,0
MNTN-WS.US,D,20221221,000000,0.015,0.015,0.015,0.015,2400,0
MNTN-WS.US,D,20221222,000000,0.015,0.015,0.015,0.015,500,0
MNTN-WS.US,D,20221223,000000,0.015,0.015,0.015,0.015,20500,0
MNTN-WS.US,D,20221227,000000,0.015,0.015,0.011,0.0111,29000,0
MNTN-WS.US,D,20221228,000000,0.0122,0.0148,0.0122,0.0145,5031,0
MNTN-WS.US,D,20221229,000000,0.0175,0.0175,0.0175,0.0175,500,0
MNTN-WS.US,D,20221230,000000,0.0151,0.0151,0.0151,0.0151,8000,0
MNTN-WS.US,D,20230103,000000,0.015,0.015,0.015,0.015,500,0
MNTN-WS.US,D,20230104,000000,0.015,0.0151,0.0138,0.0138,23259,0
MNTN-WS.US,D,20230109,000000,0.0151,0.0151,0.0151,0.0151,4000,0
MNTN-WS.US,D,20230111,000000,0.02,0.02,0.02,0.02,5000,0
MNTN-WS.US,D,20230112,000000,0.0201,0.0201,0.02,0.02,95000,0
MNTN-WS.US,D,20230119,000000,0.02,0.02,0.02,0.02,50000,0
MNTN-WS.US,D,20230120,000000,0.02,0.02,0.0158,0.02,71900,0
MNTN-WS.US,D,20230126,000000,0.015,0.015,0.0115,0.0115,600,0
MNTN-WS.US,D,20230210,000000,0.019599,0.019599,0.019599,0.019599,1000,0
MNTN-WS.US,D,20230216,000000,0.0449,0.0482,0.0405,0.0482,700,0
MNTN-WS.US,D,20230217,000000,0.025,0.025,0.015,0.0151,600,0
MNTN-WS.US,D,20230223,000000,0.03,0.03,0.03,0.03,400400,0
MNTN-WS.US,D,20230227,000000,0.0315,0.0332,0.0315,0.0332,400,0
MNTN-WS.US,D,20230228,000000,0.04,0.04,0.0337,0.0337,50100,0
MNTN-WS.US,D,20230303,000000,0.07,0.07,0.07,0.07,25000,0
MNTN-WS.US,D,20230306,000000,0.075,0.075,0.07,0.07,60600,0
MNTN-WS.US,D,20230309,000000,0.08,0.08,0.07,0.08,63400,0
MNTN-WS.US,D,20230310,000000,0.0814,0.0814,0.075,0.075,2000,0
MNTN-WS.US,D,20230313,000000,0.080101,0.09,0.08,0.0875,6436,0
MNTN-WS.US,D,20230315,000000,0.08,0.08,0.06,0.07,27630,0
MNTN-WS.US,D,20230321,000000,0.07,0.1,0.07,0.085,18057,0
MNTN-WS.US,D,20230322,000000,0.089,0.1,0.089,0.1,342988,0
MNTN-WS.US,D,20230323,000000,0.1,0.1,0.1,0.1,500,0
MNTN-WS.US,D,20230324,000000,0.09,0.09,0.09,0.09,600,0
MNTN-WS.US,D,20230329,000000,0.0944,0.0944,0.0944,0.0944,1700,0
MNTN-WS.US,D,20230330,000000,0.08,0.08,0.08,0.08,230000,0
MNTN-WS.US,D,20230403,000000,0.0771,0.0771,0.0771,0.0771,1429,0
MNTN-WS.US,D,20230411,000000,0.08,0.1,0.08,0.08,83200,0
MNTN-WS.US,D,20230412,000000,0.09,0.0961,0.08,0.093,125517,0
MNTN-WS.US,D,20230413,000000,0.09,0.1,0.09,0.1,23411,0
MNTN-WS.US,D,20230417,000000,0.06,0.06,0.06,0.06,100100,0
MNTN-WS.US,D,20230418,000000,0.06,0.0659,0.06,0.06,92775,0
MNTN-WS.US,D,20230419,000000,0.0634,0.0634,0.0634,0.0634,500,0
MNTN-WS.US,D,20230425,000000,0.065475,0.065475,0.0601,0.0601,2448,0
MNTN-WS.US,D,20230511,000000,0.0501,0.0501,0.0501,0.0501,3329,0
MNTN-WS.US,D,20230517,000000,0.0501,0.0574,0.0501,0.0574,26700,0
MNTN-WS.US,D,20230522,000000,0.09,0.125,0.09,0.11,11950,0
MNTN-WS.US,D,20230523,000000,0.1111,0.1111,0.0714,0.0714,7851,0
MNTN-WS.US,D,20230525,000000,0.08,0.0892,0.08,0.0892,1050,0
MNTN-WS.US,D,20230526,000000,0.0842,0.1,0.0842,0.1,750,0
MNTN-WS.US,D,20230530,000000,0.0857,0.12,0.08,0.12,11224,0
MNTN-WS.US,D,20230602,000000,0.0966,0.1374,0.08,0.1374,700,0
MNTN-WS.US,D,20230605,000000,0.114301,0.124101,0.0757,0.08,20300,0
MNTN-WS.US,D,20230606,000000,0.0802,0.0802,0.08,0.08,400,0
MNTN-WS.US,D,20230608,000000,0.0751,0.0916,0.0751,0.0916,1600,0
MNTN-WS.US,D,20230609,000000,0.0772,0.0779,0.0772,0.0779,400,0
MNTN-WS.US,D,20230612,000000,0.0751,0.0751,0.0751,0.0751,400,0
MNTN-WS.US,D,20230613,000000,0.0751,0.086,0.0751,0.086,1152,0
MNTN-WS.US,D,20230614,000000,0.0751,0.0751,0.0751,0.0751,300,0
MNTN-WS.US,D,20230615,000000,0.0751,0.11,0.0751,0.11,26700,0
MNTN-WS.US,D,20230620,000000,0.0956,0.113,0.0956,0.1031,1300,0
MNTN-WS.US,D,20230621,000000,0.1167,0.1167,0.1167,0.1167,25200,0
MNTN-WS.US,D,20230622,000000,0.13,0.13,0.13,0.13,200,0
MNTN-WS.US,D,20230628,000000,0.1135,0.1135,0.1135,0.1135,1575,0
MNTN-WS.US,D,20230705,000000,0.1239,0.13,0.1239,0.13,28142,0
MNTN-WS.US,D,20230710,000000,0.133,0.1331,0.133,0.1331,200,0
MNTN-WS.US,D,20230712,000000,0.1304,0.1304,0.1303,0.1304,20000,0
MNTN-WS.US,D,20230713,000000,0.1258,0.1303,0.1138,0.1303,43000,0
MNTN-WS.US,D,20230717,000000,0.13,0.13,0.125,0.1275,6300,0
MNTN-WS.US,D,20230721,000000,0.1459,0.146,0.143,0.146,4300,0
MNTN-WS.US,D,20230724,000000,0.25,0.33,0.221,0.24,133280,0
MNTN-WS.US,D,20230725,000000,0.2125,0.25,0.2125,0.25,42600,0
MNTN-WS.US,D,20230727,000000,0.25,0.25,0.23,0.2301,7403,0
MNTN-WS.US,D,20230728,000000,0.2481,0.25,0.2362,0.2498,1012,0
MNTN-WS.US,D,20230731,000000,0.2442,0.2442,0.2181,0.2441,2600,0
MNTN-WS.US,D,20230802,000000,0.2422,0.2422,0.2422,0.2422,102,0
MNTN-WS.US,D,20230807,000000,0.2115,0.2374,0.2115,0.2374,3015,0
MNTN-WS.US,D,20230808,000000,0.23,0.23,0.229899,0.2299,5103,0
MNTN-WS.US,D,20230809,000000,0.2299,0.23,0.2256,0.2299,4300,0
MNTN-WS.US,D,20230814,000000,0.2642,0.2799,0.2,0.2,4003,0
MNTN-WS.US,D,20230815,000000,0.2001,0.23,0.1999,0.1999,10302,0
MNTN-WS.US,D,20230816,000000,0.2,0.23,0.2,0.23,600,0
MNTN-WS.US,D,20230817,000000,0.1801,0.2184,0.18,0.2,1101,0
MNTN-WS.US,D,20230821,000000,0.2192,0.2193,0.2192,0.2193,202,0
MNTN-WS.US,D,20230822,000000,0.2,0.2,0.18,0.18,4600,0
MNTN-WS.US,D,20230823,000000,0.1992,0.21,0.1992,0.21,3200,0
MNTN-WS.US,D,20230825,000000,0.21,0.23,0.186,0.221,3401,0
MNTN-WS.US,D,20230828,000000,0.21,0.2275,0.21,0.2206,206589,0
MNTN-WS.US,D,20230829,000000,0.21,0.22,0.21,0.219851,1410,0
MNTN-WS.US,D,20230830,000000,0.23,0.23,0.226,0.23,4000,0
MNTN-WS.US,D,20230906,000000,0.2353,0.2353,0.234,0.234,250,0
MNTN-WS.US,D,20230908,000000,0.24,0.24,0.239,0.24,2040,0
MNTN-WS.US,D,20230920,000000,0.21,0.2375,0.21,0.2375,2200,0
MNTN-WS.US,D,20230922,000000,0.21,0.2376,0.2,0.2238,5800,0
MNTN-WS.US,D,20230926,000000,0.21,0.21,0.21,0.21,600,0
MNTN-WS.US,D,20231005,000000,0.215,0.22,0.215,0.22,57350,0
MNTN-WS.US,D,20231006,000000,0.23,0.23,0.2289,0.23,10140,0
MNTN-WS.US,D,20231010,000000,0.2245,0.23,0.21,0.21,175000,0
MNTN-WS.US,D,20231020,000000,0.224,0.23,0.2,0.215751,33900,0
MNTN-WS.US,D,20231023,000000,0.2299,0.23,0.228,0.2299,114525,0
MNTN-WS.US,D,20231024,000000,0.22,0.22,0.22,0.22,500,0
MNTN-WS.US,D,20231026,000000,0.22,0.2299,0.22,0.2299,4870,0
MNTN-WS.US,D,20231030,000000,0.23,0.23,0.23,0.23,60004,0
MNTN-WS.US,D,20231101,000000,0.2,0.2,0.2,0.2,500,0
MNTN-WS.US,D,20231103,000000,0.1961,0.2,0.1961,0.2,555,0
MNTN-WS.US,D,20231106,000000,0.182901,0.1867,0.1821,0.1867,21120,0
MNTN-WS.US,D,20231107,000000,0.196,0.21,0.175,0.1899,48984,0
MNTN-WS.US,D,20231116,000000,0.16,0.16,0.0651,0.1,11941,0
MNTN-WS.US,D,20231127,000000,0.0957,0.1,0.0844,0.1,58967,0
MNTN-WS.US,D,20231128,000000,0.054,0.08,0.0478,0.0773,39982,0
MNTN-WS.US,D,20231129,000000,0.07,0.07,0.07,0.07,18500,0
MNTN-WS.US,D,20231201,000000,0.075,0.075,0.0746,0.0746,2600,0
MNTN-WS.US,D,20231204,000000,0.09,0.09,0.0557,0.0563,1344,0
MNTN-WS.US,D,20231205,000000,0.05,0.06,0.0403,0.06,31433,0
MNTN-WS.US,D,20231206,000000,0.06,0.0863,0.0597,0.0863,25381,0
MNTN-WS.US,D,20231207,000000,0.0488,0.1,0.0487,0.1,2000,0
MNTN-WS.US,D,20231208,000000,0.0738,0.0843,0.06,0.0689,120500,0
MNTN-WS.US,D,20231212,000000,0.063,0.063,0.06,0.0601,74105,0
MNTN-WS.US,D,20231213,000000,0.06,0.06,0.05,0.05,50100,0
MNTN-WS.US,D,20231214,000000,0.0451,0.05,0.0451,0.05,50000,0
MNTN-WS.US,D,20231219,000000,0.041,0.041,0.041,0.041,7600,0
MNTN-WS.US,D,20231220,000000,0.042,0.0597,0.04,0.045,130400,0
MNTN-WS.US,D,20231221,000000,0.0432,0.045,0.04,0.045,74700,0
MNTN-WS.US,D,20231222,000000,0.058,0.120101,0.055,0.120101,59718,0
MNTN-WS.US,D,20231226,000000,0.140949,0.140949,0.140949,0.140949,100,0
MNTN-WS.US,D,20231229,000000,0.1357,0.14,0.09,0.13,14100,0
MNTN-WS.US,D,20240104,000000,0.1313,0.1313,0.1313,0.1313,100,0
MNTN-WS.US,D,20240108,000000,0.1251,0.135,0.1251,0.129,5300,0
MNTN-WS.US,D,20240117,000000,0.1272,0.1301,0.1272,0.1301,800,0
MNTN-WS.US,D,20240201,000000,0.0898,0.0898,0.08,0.08,2752,0
MNTN-WS.US,D,20240212,000000,0.08,0.0947,0.08,0.0947,1750,0
MNTN-WS.US,D,20240220,000000,0.1,0.1419,0.098,0.1036,65404,0
MNTN-WS.US,D,20240222,000000,0.1,0.16,0.098,0.13,148595,0
MNTN-WS.US,D,20240223,000000,0.12,0.12,0.12,0.12,26775,0
MNTN-WS.US,D,20240226,000000,0.125,0.205,0.125,0.18915,186738,0
MNTN-WS.US,D,20240228,000000,0.149,0.1677,0.09,0.0945,268727,0
MNTN-WS.US,D,20240229,000000,0.0951,0.1111,0.0951,0.1089,222169,0
MNTN-WS.US,D,20240301,000000,0.1,0.1189,0.1,0.1189,2400,0
MNTN-WS.US,D,20240304,000000,0.101749,0.1489,0.101749,0.1489,11675,0
MNTN-WS.US,D,20240305,000000,0.1729,0.1729,0.1372,0.1372,508,0
MNTN-WS.US,D,20240306,000000,0.131,0.131,0.131,0.131,40000,0
MNTN-WS.US,D,20240307,000000,0.131,0.131,0.131,0.131,32220,0
MNTN-WS.US,D,20240308,000000,0.125,0.125,0.125,0.125,10000,0
MNTN-WS.US,D,20240311,000000,0.1284,0.1342,0.1278,0.1342,15796,0
MNTN-WS.US,D,20240312,000000,0.1621,0.1621,0.125,0.125,11695,0
MNTN-WS.US,D,20240315,000000,0.1782,0.1889,0.1782,0.1889,2700,0
MNTN-WS.US,D,20240403,000000,0.145,0.1539,0.1399,0.15,25910,0
MNTN-WS.US,D,20240404,000000,0.15,0.1621,0.15,0.15,19406,0
MNTN-WS.US,D,20240405,000000,0.15,0.17,0.15,0.17,153374,0
MNTN-WS.US,D,20240408,000000,0.17,0.17,0.17,0.17,600,0
MNTN-WS.US,D,20240409,000000,0.17,0.17,0.1651,0.1651,5440,0
MNTN-WS.US,D,20240410,000000,0.1651,0.1651,0.1651,0.1651,8100,0
MNTN-WS.US,D,20240411,000000,0.17,0.17,0.166675,0.166675,900,0
MNTN-WS.US,D,20240415,000000,0.1651,0.1651,0.1651,0.1651,10000,0
MNTN-WS.US,D,20240416,000000,0.1651,0.1651,0.165,0.1651,211094,0
MNTN-WS.US,D,20240418,000000,0.167,0.1675,0.1651,0.1651,11550,0
MNTN-WS.US,D,20240426,000000,0.1651,0.1651,0.1651,0.1651,482,0
MNTN-WS.US,D,20240502,000000,0.13,0.1699,0.13,0.1699,187988,0
MNTN-WS.US,D,20240503,000000,0.1651,0.1651,0.1651,0.1651,5493,0
MNTN-WS.US,D,20240506,000000,0.1734,0.1749,0.1734,0.1749,3235,0
MNTN-WS.US,D,20240508,000000,0.1651,0.169888,0.1651,0.169888,4100,0
MNTN-WS.US,D,20240513,000000,0.169,0.171,0.1675,0.17,108880,0
MNTN-WS.US,D,20240514,000000,0.17,0.185001,0.1655,0.185001,28268,0
MNTN-WS.US,D,20240515,000000,0.19,0.19,0.1805,0.1805,3500,0
MNTN-WS.US,D,20240516,000000,0.185,0.185,0.185,0.185,100,0
MNTN-WS.US,D,20240517,000000,0.193,0.193,0.1851,0.1851,5228,0
MNTN-WS.US,D,20240520,000000,0.1851,0.19,0.1851,0.19,9000,0
MNTN-WS.US,D,20240523,000000,0.185,0.185,0.18,0.18,23900,0
MNTN-WS.US,D,20240524,000000,0.189,0.1979,0.18145,0.195,3401,0
MNTN-WS.US,D,20240605,000000,0.169,0.169,0.1651,0.1651,111000,0
MNTN-WS.US,D,20240607,000000,0.165,0.165,0.165,0.165,10000,0
MNTN-WS.US,D,20240618,000000,0.1651,0.1651,0.1651,0.1651,25000,0
MNTN-WS.US,D,20240620,000000,0.1651,0.1651,0.135,0.1458,23324,0
MNTN-WS.US,D,20240625,000000,0.1404,0.1439,0.1404,0.1439,3000,0
MNTN-WS.US,D,20240627,000000,0.1697,0.1979,0.1001,0.1313,34000,0
MNTN-WS.US,D,20240628,000000,0.1579,0.2065,0.1579,0.2033,1500,0
MNTN-WS.US,D,20240701,000000,0.1256,0.16,0.111,0.16,2331,0
MNTN-WS.US,D,20240702,000000,0.17,0.17,0.1018,0.115,51720,0
MNTN-WS.US,D,20240703,000000,0.1396,0.1446,0.1,0.1097,2316,0
MNTN-WS.US,D,20240705,000000,0.13,0.1499,0.13,0.13,701,0
MNTN-WS.US,D,20240708,000000,0.13,0.13,0.124,0.1299,566,0
MNTN-WS.US,D,20240709,000000,0.115,0.139899,0.11,0.124301,40938,0
MNTN-WS.US,D,20240719,000000,0.1384,0.1385,0.1384,0.1385,200,0
MNTN-WS.US,D,20240730,000000,0.1079,0.1079,0.07,0.09,16991,0
MNTN-WS.US,D,20240801,000000,0.088951,0.088951,0.088951,0.088951,700,0
MNTN-WS.US,D,20240806,000000,0.135,0.165,0.1,0.11,124301,0
MNTN-WS.US,D,20240807,000000,0.1215,0.1215,0.1,0.1108,4844,0
MNTN-WS.US,D,20240808,000000,0.0903,0.1237,0.0849,0.1237,9500,0
MNTN-WS.US,D,20240809,000000,0.105,0.1298,0.0691,0.0974,25003,0
MNTN-WS.US,D,20240812,000000,0.08,0.095001,0.0701,0.0902,6900,0
MNTN-WS.US,D,20240813,000000,0.0938,0.1199,0.09,0.1,20601,0
MNTN-WS.US,D,20240814,000000,0.0787,0.095051,0.07,0.07,11900,0
MNTN-WS.US,D,20240816,000000,0.09,0.09,0.09,0.09,600,0
MNTN-WS.US,D,20240822,000000,0.0715,0.0716,0.0715,0.0715,1100,0
MNTN-WS.US,D,20240823,000000,0.08,0.1,0.08,0.1,59655,0
MNTN-WS.US,D,20240826,000000,0.0943,0.0944,0.0715,0.0715,2000,0
MNTN-WS.US,D,20240827,000000,0.073,0.073,0.073,0.073,2464,0
MNTN-WS.US,D,20240830,000000,0.09,0.09,0.09,0.09,30000,0
MNTN-WS.US,D,20240904,000000,0.0999,0.1,0.07,0.071,26297,0
MNTN-WS.US,D,20240905,000000,0.1,0.1,0.07,0.0989,42930,0
MNTN-WS.US,D,20240906,000000,0.1,0.1,0.0802,0.095,10750,0
MNTN-WS.US,D,20240916,000000,0.1,0.1,0.0758,0.0988,28200,0
MNTN-WS.US,D,20240917,000000,0.1128,0.1128,0.0972,0.11,18912,0
MNTN-WS.US,D,20240919,000000,0.11,0.11,0.11,0.11,10000,0
MNTN-WS.US,D,20240925,000000,0.1,0.13,0.0701,0.13,10505,0
MNTN-WS.US,D,20240930,000000,0.03,0.0326,0.0245,0.0297,190052,0
MNTN-WS.US,D,20241001,000000,0.03,0.039,0.0201,0.0219,17350,0
MNTN-WS.US,D,20241002,000000,0.0321,0.0321,0.0203,0.0203,2973,0
MNTN-WS.US,D,20241004,000000,0.019,0.0209,0.0175,0.0188,27000,0
MNTN-WS.US,D,20241007,000000,0.0231,0.029,0.0175,0.029,500,0
MNTN-WS.US,D,20241008,000000,0.0242,0.0243,0.0242,0.0243,1310,0
MNTN-WS.US,D,20241009,000000,0.026,0.026,0.01,0.02,11050,0
MNTN-WS.US,D,20241014,000000,0.0164,0.021,0.012,0.015,35512,0
MNTN-WS.US,D,20241015,000000,0.02,0.03,0.02,0.02,100500,0
MNTN-WS.US,D,20241018,000000,0.025,0.025,0.0203,0.0203,300,0
MNTN-WS.US,D,20241021,000000,0.025,0.025,0.025,0.025,200,0
MNTN-WS.US,D,20241022,000000,0.03,0.03,0.027,0.03,450,0
MNTN-WS.US,D,20241023,000000,0.03,0.03,0.0151,0.0151,1500,0
MNTN-WS.US,D,20241024,000000,0.025,0.025,0.025,0.025,200,0
MNTN-WS.US,D,20241025,000000,0.0205,0.0205,0.015,0.015,5264,0
MNTN-WS.US,D,20241028,000000,0.02,0.02,0.0128,0.0128,3500,0
